&Calibration
    pA = 108.419450812 , 89.4758375388
    pB = 138.158994766 , 71.7217743666
    pC = 186.9869734 , 91.8254023456
    pD = 138.528422587 , 84.1640649524
/
