&Calibration
   pA = 132.453455557,  114.885567877
   pB = 31.6999636937,  83.3445064579
   pC = 85.0705707761,  98.9105747488
   pD = 160.411565198,  94.5058075449
/ 
