&Calibration
    pA =  155.54458699,   87.26239315
    pB =  135.74069279,   54.99989399
    pC =  123.22588297,   71.54738636
    pD =  157.423875,     73.97888721
/

