&Calibration
   pA = 110.84126209053525,  105.69939181512528
   pB = 76.99334840791538,  70.37429936218193
   pC = 136.01077554937189,  71.75570759832085
   pD = 119.91451623281753,  72.0537798661486
/ 
