&Calibration
   pA = 151.40187660443533,  110.61358653085335
   pB = 109.82485018635565,  82.4354920843369
   pC = 52.8528126467128,  73.31265057997005
   pD = 90.41621445035588,  89.74707856781096
/ 
