&Calibration
   pA = 151.72433928683694,  107.59481058027019
   pB = 114.90070578936253,  82.80296785863771
   pC = 56.651483454472405,  74.33134823692912
   pD = 83.1246767737191,  89.14468501079489
/ 
