&Calibration
    pA =  61.28433331,  86.08707821
    pB =  184.25694112,   61.80231212
    pC =  179.71367001,   76.18490855
    pD =  69.5401341,   73.44088407
/

