&Calibration
    pA =  122.1571055,    88.79607302
    pB =  103.31760883,   68.45600786
    pC =  138.69361773,   66.80802289
    pD =  126.95238048,   66.81227901
/

