&Calibration
   pA = 101.04798753005787,  106.95887317721639
   pB = 90.18237779372573,  76.35614831808013
   pC = 95.82443303361673,  77.43159965024363
   pD = 104.42973142352436,  87.54914609117085
/ 
