&Calibration
    pA = 97.5956300003 , 95.3892417279
    pB = 162.236199226 , 72.7030283259
    pC = 141.541345122 , 86.3124812022
    pD = 225.403115455 , 81.9220356962
/
