&Calibration
   pA = 234.05627828,  95.4262985217
   pB = 233.179138218,  52.9919877519
   pC = 134.103411279,  65.614688423
   pD = 128.145154481,  77.1796092734
/ 
