&Calibration
    pA =  93.88227988,  97.03415922
    pB =  108.58301683,   68.38284856
    pC =  133.21559961,   75.61432391
    pD =  140.60144387,   88.37366207
/

