&Calibration
   pA = 28.12823310090756,  161.4394581931199
   pB = 28.252147525506835,  108.40952708335475
   pC = 48.111302805326915,  98.31838232219567
   pD = 39.19492804139508,  126.32267069828609
/ 
