&Calibration
    pA =  52.4287278,   74.91892595
    pB =  89.52427668,  62.15623993
    pC =  145.09342842,   76.89311487
    pD =  111.90411063,   67.719177  
/

