&Calibration
   pA = 54.09291346966767,  86.1551812169092
   pB = 132.70593364586722,  55.52371342554956
   pC = 158.3850697344589,  60.34303630397656
   pD = 70.28308030800676,  64.34546954537727
/ 
