&Calibration
    pA =  149.83571141,   79.40561987
    pB =  133.55156468,   60.61649978
    pC =  61.1429744,   61.56765077
    pD =  54.16634483,  68.63104904
/

