&Calibration
   pA = 146.978788461,  111.011456765
   pB = 116.178717618,  82.6430085142
   pC = 54.4132892302,  73.3678609924
   pD = 86.5054005703,  89.8959102333
/ 
