&Calibration
   pA = 168.220969611,  96.5249839446
   pB = 116.544315892,  87.687562
   pC = 71.7336939487,  79.5145432247
   pD = 49.9870096907,  90.071619369
/ 
