&Calibration
   pA = -146.760737585,  78.1378909234
   pB = -72.1106050481,  73.6865377743
   pC = 22.1322637587,  109.931823127
   pD = 116.50813082,  104.483482428
/ 
