&Calibration
   pA = 45.812745527740596,  61.43318719538702
   pB = 39.97204398319771,  36.15650731788778
   pC = 25.771011960723555,  30.476855517298826
   pD = 32.754159586733216,  43.589502806762646
/ 
