&Calibration
    pA =  156.73694662,   91.63525859
    pB =  157.97576715,   70.8087462 
    pC =  47.00299318,    74.685151  
    pD =  79.81783252,    79.7871157 
/

