&Bimodal_fit
2016-06-30-ice1 Case1.2.1   sigma1 =0.0744898835755891
   sigma2 =0.21947405833214628
   weight(N) =0.32659767756454733
   theta1 =4.2513285916471375
   theta2 =12.183850919226828
