&Bimodal_fit
2016-06-30-ice1 Case1.2.1   sigma1 =0.0744898835755891
   sigma2 =0.21947405833214628
   weight(N) =0.32659767756454733
   theta1 =4.268943303002825
   theta2 =12.600313360902456
