&segments
nysegments = 1
nxsegments = 4
nacross = 30
ndown = 20
nxstart = 210
ny1start = 300
/

&calibration
pA = 101.04798753 , 106.958873177
pB = 90.1823777937 , 76.3561483181
pC = 95.8244330336 , 77.4315996502
pD = 104.429731424 , 87.5491460912
/
