&Calibration
    pA = 115.64895035,   92.24785196
    pB = 100.40891967,   68.79282175
    pC = 128.48594087,   78.95821983
    pD = 131.99031772,   80.88931063
/

