&Calibration
    pA =  120.56109888,   89.8690919 
    pB =  156.66542099,   72.18695883
    pC =  113.62849858,   77.63482671
    pD =  69.30670692,    77.70358711
/

