&Calibration
    pA =  136.56627399,   92.79046944
    pB =  128.78461471,   68.21072012
    pC =  134.50592991,   74.7544756 
    pD =  145.36602292,   75.57809336
/

