&Calibration
   pA = 146.9787884610561,  111.01145676516015
   pB = 116.17871761815707,  82.64300851421987
   pC = 54.41328923023363,  73.36786099241225
   pD = 86.50540057028574,  89.8959102333347
/ 
