&Calibration
   pA = 146.9787884610561,  111.01145676516015
   pB = 116.17871761815712,  82.64300851421989
   pC = 54.41328923023366,  73.36786099241226
   pD = 86.50540057028566,  89.89591023333467
/ 
